平差结果文件：

相关矩阵：
B：
 1  0  0
-1  1  0
 0 -1  0
 0  0  1
 0  0 -1
 1  0 -1
 0 -1  1
P:
1 0 0 0 0 0 0
0 1 0 0 0 0 0
0 0 1 0 0 0 0
0 0 0 1 0 0 0
0 0 0 0 1 0 0
0 0 0 0 0 1 0
0 0 0 0 0 0 1
L:
 0
 6
-0
-0
-8
-6
-3
W:
-12
  9
 11

未知点近似高程:
P1:22.458（m）
P2:23.364（m）
P3:20.142（m）
高差改正值:
-2
-1
-3
 3
 5
 1
 3(mm)
高差平差值:
 1.056
 0.911
 0.443
-3.665
 1.255
 2.311
-3.222（m）
未知点高程改正值:
-2
 3
 3(mm)
未知点高程平差值:
P1:22.456（m）
P2:23.367（m）
P3:20.145（m）
高程待定值精度:
P1:2.57（mm）
P2:2.57（mm）
P3:2.19（mm）
高差平差值精度:
h1:3.79（mm）
h2:3.79（mm）
h3:3.79（mm）
h4:3.79（mm）
h5:3.79（mm）
h6:3.79（mm）
h7:3.79（mm）
