平差结果文件：

相关矩阵：
B：
 1  0  0
 0  1  0
 1  0  0
 0  1  0
-1  1  0
-1  0  1
 0  0 -1
P:
0.833333        0        0        0        0        0        0
       0 0.588235        0        0        0        0        0
       0        0 0.434783        0        0        0        0
       0        0        0  0.37037        0        0        0
       0        0        0        0 0.416667        0        0
       0        0        0        0        0 0.714286        0
       0        0        0        0        0        0 0.384615
L:
 0
-0
 4
 3
 7
 2
-0
W:
-3
 4
 1

未知点近似高程:
C:6.375m
D:7.025m
E:6.611m
高差改正值:
-0
 3
-4
-0
-4
-1
-1(mm)
高差平差值:
 1.359
 2.012
 0.359
 1.012
 0.653
 0.237
-0.596m
未知点高程改正值:
-0
 3
 1mm
未知点高程平差值:
C:6.375m
D:7.028m
E:6.612m
高程待定值精度:
C:1.65mm
D:1.96mm
E:2.38mm
高差平差值精度:
h1:2.44mm
h2:2.90mm
h3:3.37mm
h4:3.66mm
h5:3.45mm
h6:2.63mm
h7:3.59mm
